robust_particles_pc_goal0_run0_plan: 55.5555555556, 38.3838383838
robust_particles_pc_svmHeuristic_goal0_run0_plan: 59.595959596, 40.404040404
