robust_particles_pc_goal3_run0_plan: 100.0, 44.4444444444
robust_particles_pc_goal2_run0_plan: 80.0, 80.0
robust_particles_pc_goal0_run0_plan: 71.4285714286, 57.1428571429
