robust_particles_pc_goal0_run0_plan: 54.5454545455, 41.4141414141
robust_particles_pc_svmHeuristic_goal0_run0_plan: 59.595959596, 29.2929292929
