naive_with_svm_goal7_run0_plan: 1.04166666667, 0.0
naive_with_svm_goal6_run0_plan: 100.0, 0.0
naive_with_svm_goal4_run0_plan: 100.0, 0.0
naive_with_svm_goal7_run2_plan: 100.0, 0.0
naive_with_svm_goal2_run0_plan: 98.9583333333, 98.9583333333
naive_with_svm_goal4_run2_plan: 100.0, 0.0
naive_with_svm_goal2_run2_plan: 100.0, 100.0
naive_with_svm_goal2_run1_plan: 98.9583333333, 98.9583333333
naive_with_svm_goal8_run2_plan: 0.0, 0.0
naive_with_svm_goal6_run2_plan: 100.0, 0.0
naive_with_svm_goal4_run1_plan: 100.0, 0.0
naive_with_svm_goal6_run1_plan: 100.0, 0.0
