naive_with_svm_goal0_run6_plan: 100.0, 100.0
naive_with_svm_goal7_run0_plan: 88.8888888889, 88.8888888889
naive_with_svm_goal0_run5_plan: 100.0, 100.0
naive_with_svm_goal6_run0_plan: 0.0, 0.0
naive_with_svm_goal0_run8_plan: 100.0, 100.0
naive_with_svm_goal0_run0_plan: 100.0, 100.0
naive_with_svm_goal9_run0_plan: 100.0, 0.0
naive_with_svm_goal4_run0_plan: 0.0, 0.0
naive_with_svm_goal0_run4_plan: 100.0, 100.0
naive_with_svm_goal0_run3_plan: 100.0, 100.0
naive_with_svm_goal2_run0_plan: 0.0, 0.0
naive_with_svm_goal0_run7_plan: 100.0, 100.0
naive_with_svm_goal3_run0_plan: 55.5555555556, 55.5555555556
naive_with_svm_goal0_run1_plan: 100.0, 100.0
naive_with_svm_goal0_run2_plan: 100.0, 100.0
naive_with_svm_goal5_run0_plan: 0.0, 0.0
naive_with_svm_goal1_run0_plan: 44.4444444444, 11.1111111111
naive_with_svm_goal8_run0_plan: 100.0, 100.0
