robust_particles_pc_goal0_run0_plan: 5.26315789474, 5.26315789474
robust_particles_pc_goal0_run1_plan: 0.0, 0.0
robust_particles_pc_goal0_run5_plan: 0.0, 0.0
robust_particles_pc_goal0_run7_plan: 0.0, 0.0
robust_particles_pc_goal0_run2_plan: 0.0, 0.0
robust_particles_pc_goal0_run3_plan: 5.26315789474, 0.0
robust_particles_pc_goal0_run6_plan: 5.26315789474, 0.0
robust_particles_pc_goal0_run4_plan: 5.26315789474, 5.26315789474
