mean_only_particles_goal0_run10_plan: 52.6315789474, 15.7894736842
mean_only_particles_goal0_run14_plan: 31.5789473684, 0.0
mean_only_particles_goal0_run17_plan: 26.3157894737, 5.26315789474
mean_only_particles_goal0_run12_plan: 42.1052631579, 10.5263157895
mean_only_particles_goal0_run2_plan: 36.8421052632, 10.5263157895
mean_only_particles_goal0_run7_plan: 31.5789473684, 0.0
mean_only_particles_goal0_run11_plan: 42.1052631579, 5.26315789474
mean_only_particles_goal0_run5_plan: 57.8947368421, 15.7894736842
mean_only_particles_goal0_run0_plan: 73.6842105263, 5.26315789474
mean_only_particles_goal0_run19_plan: 36.8421052632, 0.0
mean_only_particles_goal0_run9_plan: 31.5789473684, 0.0
mean_only_particles_goal0_run18_plan: 36.8421052632, 5.26315789474
mean_only_particles_goal0_run15_plan: 47.3684210526, 10.5263157895
mean_only_particles_goal0_run16_plan: 42.1052631579, 5.26315789474
mean_only_particles_goal0_run13_plan: 5.26315789474, 0.0
mean_only_particles_goal0_run8_plan: 36.8421052632, 5.26315789474
mean_only_particles_goal0_run4_plan: 31.5789473684, 0.0
mean_only_particles_goal0_run3_plan: 26.3157894737, 5.26315789474
mean_only_particles_goal0_run6_plan: 36.8421052632, 5.26315789474
mean_only_particles_goal0_run1_plan: 15.7894736842, 10.5263157895
