naive_with_svm_goal0_run0_plan: 5.26315789474, 0.0
naive_with_svm_goal0_run15_plan: 21.0526315789, 0.0
naive_with_svm_goal0_run3_plan: 15.7894736842, 0.0
naive_with_svm_goal0_run4_plan: 15.7894736842, 5.26315789474
naive_with_svm_goal0_run11_plan: 21.0526315789, 0.0
naive_with_svm_goal0_run6_plan: 52.6315789474, 5.26315789474
naive_with_svm_goal0_run1_plan: 36.8421052632, 10.5263157895
naive_with_svm_goal0_run16_plan: 10.5263157895, 0.0
naive_with_svm_goal0_run5_plan: 0.0, 0.0
naive_with_svm_goal0_run19_plan: 26.3157894737, 0.0
naive_with_svm_goal0_run7_plan: 15.7894736842, 0.0
naive_with_svm_goal0_run8_plan: 21.0526315789, 5.26315789474
naive_with_svm_goal0_run12_plan: 36.8421052632, 0.0
naive_with_svm_goal0_run10_plan: 15.7894736842, 5.26315789474
naive_with_svm_goal0_run18_plan: 31.5789473684, 0.0
naive_with_svm_goal0_run9_plan: 52.6315789474, 10.5263157895
naive_with_svm_goal0_run14_plan: 10.5263157895, 0.0
naive_with_svm_goal0_run17_plan: 52.6315789474, 10.5263157895
naive_with_svm_goal0_run13_plan: 0.0, 0.0
naive_with_svm_goal0_run2_plan: 5.26315789474, 5.26315789474
