robust_particles_pc_goal0_run0_plan: 63.1578947368, 63.1578947368
robust_particles_pc_goal0_run1_plan: 42.1052631579, 26.3157894737
robust_particles_pc_goal0_run12_plan: 84.2105263158, 78.9473684211
robust_particles_pc_goal0_run9_plan: 47.3684210526, 47.3684210526
robust_particles_pc_goal0_run5_plan: 63.1578947368, 57.8947368421
robust_particles_pc_goal0_run16_plan: 36.8421052632, 31.5789473684
robust_particles_pc_goal0_run18_plan: 42.1052631579, 10.5263157895
robust_particles_pc_goal0_run19_plan: 57.8947368421, 52.6315789474
robust_particles_pc_goal0_run14_plan: 94.7368421053, 94.7368421053
robust_particles_pc_goal0_run10_plan: 63.1578947368, 52.6315789474
robust_particles_pc_goal0_run7_plan: 57.8947368421, 42.1052631579
robust_particles_pc_goal0_run13_plan: 57.8947368421, 57.8947368421
robust_particles_pc_goal0_run17_plan: 57.8947368421, 47.3684210526
robust_particles_pc_goal0_run15_plan: 73.6842105263, 47.3684210526
robust_particles_pc_goal0_run11_plan: 73.6842105263, 68.4210526316
robust_particles_pc_goal0_run2_plan: 42.1052631579, 36.8421052632
robust_particles_pc_goal0_run3_plan: 47.3684210526, 36.8421052632
robust_particles_pc_goal0_run6_plan: 63.1578947368, 57.8947368421
robust_particles_pc_goal0_run4_plan: 36.8421052632, 21.0526315789
robust_particles_pc_goal0_run8_plan: 63.1578947368, 52.6315789474
