robust_particles_pc_goal0_run0_plan: 70.7070707071, 50.5050505051
robust_particles_pc_svmHeuristic_goal0_run0_plan: 26.2626262626, 18.1818181818
