naive_with_svm_goal1_run0_plan: 77.7777777778, 33.3333333333
naive_with_svm_goal0_run0_plan: 100.0, 100.0
