naive_with_svm_goal0_run0_plan: 44.4444444444, 11.1111111111
naive_with_svm_goal0_run3_plan: 44.4444444444, 11.1111111111
naive_with_svm_goal0_run4_plan: 22.2222222222, 0.0
naive_with_svm_goal0_run11_plan: 11.1111111111, 11.1111111111
naive_with_svm_goal0_run6_plan: 33.3333333333, 11.1111111111
naive_with_svm_goal0_run1_plan: 44.4444444444, 0.0
naive_with_svm_goal0_run5_plan: 44.4444444444, 0.0
naive_with_svm_goal0_run7_plan: 11.1111111111, 0.0
naive_with_svm_goal0_run8_plan: 55.5555555556, 0.0
naive_with_svm_goal0_run12_plan: 44.4444444444, 11.1111111111
naive_with_svm_goal0_run10_plan: 33.3333333333, 11.1111111111
naive_with_svm_goal0_run9_plan: 44.4444444444, 11.1111111111
naive_with_svm_goal0_run14_plan: 33.3333333333, 11.1111111111
naive_with_svm_goal0_run13_plan: 0.0, 11.1111111111
naive_with_svm_goal0_run2_plan: 33.3333333333, 0.0
