robust_particles_pc_goal0_run0_plan: 60.0, 60.0
robust_particles_pc_goal2_run0_plan: 60.0, 60.0
robust_particles_pc_goal1_run0_plan: 66.6666666667, 55.5555555556
