
goal 0: [ 0.9 -0.9]
robust_particles_pc_svmHeuristic: 0.0, 0.0
mean_only_particles: 0.0, 11.1111111111
naive_with_svm: 0.0, 11.1111111111


Planning success rate: 
robust_particles_pc_svmHeuristic: 7.69230769231
mean_only_particles: 7.69230769231
naive_with_svm: 7.69230769231
