robust_particles_pc_goal0_run0_plan: 56.5656565657, 38.3838383838
robust_particles_pc_svmHeuristic_goal0_run0_plan: 68.6868686869, 56.5656565657
