mean_only_particles_goal2_run0_plan: 100.0, 94.7368421053
mean_only_particles_goal0_run0_plan: 100.0, 84.2105263158
mean_only_particles_goal3_run0_plan: 100.0, 0.0
mean_only_particles_goal1_run0_plan: 100.0, 100.0
