robust_particles_pc_goal6_run3_plan: 100.0, 0.0
robust_particles_pc_goal6_run0_plan: 100.0, 0.0
robust_particles_pc_goal4_run2_plan: 100.0, 85.4166666667
robust_particles_pc_goal2_run1_plan: 100.0, 0.0
robust_particles_pc_goal4_run3_plan: 100.0, 72.9166666667
robust_particles_pc_goal2_run2_plan: 100.0, 96.875
robust_particles_pc_goal7_run3_plan: 65.625, 23.9583333333
robust_particles_pc_goal2_run3_plan: 100.0, 98.9583333333
robust_particles_pc_goal6_run1_plan: 100.0, 0.0
robust_particles_pc_goal2_run0_plan: 100.0, 0.0
robust_particles_pc_goal1_run0_plan: 94.7916666667, 37.5
robust_particles_pc_goal6_run2_plan: 100.0, 0.0
robust_particles_pc_goal4_run0_plan: 100.0, 0.0
robust_particles_pc_goal1_run5_plan: 76.0416666667, 35.4166666667
robust_particles_pc_goal1_run1_plan: 72.9166666667, 23.9583333333
robust_particles_pc_goal1_run4_plan: 100.0, 27.0833333333
robust_particles_pc_goal4_run1_plan: 100.0, 86.4583333333
robust_particles_pc_goal7_run4_plan: 71.875, 46.875
