naive_with_svm_goal0_run0_plan: 26.3157894737, 5.26315789474
naive_with_svm_goal0_run3_plan: 31.5789473684, 0.0
naive_with_svm_goal0_run4_plan: 15.7894736842, 0.0
naive_with_svm_goal0_run6_plan: 5.26315789474, 0.0
naive_with_svm_goal0_run1_plan: 31.5789473684, 10.5263157895
naive_with_svm_goal0_run5_plan: 26.3157894737, 5.26315789474
naive_with_svm_goal0_run2_plan: 15.7894736842, 5.26315789474
